function [wfa, wfb, wfab] = fwf_wf_112s_pte()
% function [wfa, wfb, wfab] = fwf_wf_112s_pte()
% Hard coded PTE waveform for FWF seq version 1.12s

% For more info: https://github.com/filip-szczepankiewicz/fwf_seq_resources

wfa = [
    0         0         0
    0   -0.7301    0.6840
    0   -0.7289    0.6853
    0   -0.7263    0.6880
    0   -0.7222    0.6924
    0   -0.7162    0.6986
    0   -0.7077    0.7072
    0   -0.6958    0.7189
    0   -0.6787    0.7350
    0   -0.6536    0.7575
    0   -0.6146    0.7894
    0   -0.5506    0.8353
    0   -0.4439    0.8274
    0   -0.3217    0.7803
    0   -0.1931    0.7293
    0   -0.0598    0.6745
    0    0.0766    0.6164
    0    0.2142    0.5553
    0    0.3514    0.4915
    0    0.4861    0.4255
    0    0.6168    0.3576
    0    0.7417    0.2883
    0    0.8590    0.2178
    0    0.9672    0.1467
    0    0.9996    0.0406
    0    0.9984   -0.0639
    0    0.9888   -0.1521
    0    0.9749   -0.2247
    0    0.9593   -0.2840
    0    0.9436   -0.3326
    0    0.9283   -0.3730
    0    0.9138   -0.4074
    0    0.8998   -0.4374
    0    0.8862   -0.4642
    0    0.8728   -0.4891
    0    0.8590   -0.5128
    0    0.8447   -0.5362
    0         0         0
    ];


wfb = [
    0         0         0
    0   -0.6963    0.7184
    0   -0.6861    0.7281
    0   -0.6748    0.7387
    0   -0.6619    0.7502
    0   -0.6472    0.7630
    0   -0.6301    0.7771
    0   -0.6102    0.7928
    0   -0.5865    0.8105
    0   -0.5578    0.8305
    0   -0.5226    0.8531
    0   -0.4780    0.8789
    0   -0.4199    0.9081
    0   -0.3409    0.9406
    0   -0.2254    0.9747
    0   -0.0303    1.0000
    0    0.9549    0.2984
    0    0.9984    0.0635
    0    0.9997   -0.0387
    0    0.9953   -0.1015
    0    0.9899   -0.1448
    0    0.9848   -0.1764
    0    0.9802   -0.2004
    0    0.9762   -0.2190
    0    0.9728   -0.2337
    0    0.9699   -0.2452
    0    0.9676   -0.2544
    0    0.9657   -0.2615
    0    0.9642   -0.2669
    0    0.9631   -0.2708
    0    0.9624   -0.2733
    0    0.9621   -0.2745
    0         0         0
    ];


wfab = [
    wfa;
    zeros(6,3);
    wfb
    ];







